205eda4 1 1087.42315912246704 1247.16324710845947
38c778d 1 1085.15852689743042 1202.82435202598572
4bb8531 1 1237.58696389198303 1402.94875097274780
4be5f11 1 1105.40179395675659 1222.30489802360535
564c384 1 1103.84653592109680 1245.62350392341614
5cfd1ca 1 1067.83981013298035 1171.78624510765076
6306dfe 1 1097.29115605354309 1193.86193895339966
6994fe6 1 1102.87442493438721 1185.79128193855286
7e81b7f 1 1086.16127395629883 1175.00019693374634
9834db1 1 1087.98952817916870 1152.32703804969788
a87d120 1 1134.21894717216492 1177.64846205711365
ca3a8ad 1 1079.68869400024414 1170.65135979652405
ce205ee 1 1152.13606190681458 1203.89340591430664
205eda4 2 2715.74749398231506 2902.45525097846985
38c778d 2 2726.08624410629272 2865.36759996414185
4bb8531 2 2867.15855979919434 2897.92195701599121
4be5f11 2 2700.08218812942505 2913.32919096946716
564c384 2 2717.75234007835388 2892.84563398361206
5cfd1ca 2 2672.34807205200195 2891.64987921714783
6306dfe 2 2702.98361015319824 2909.67380094528198
6994fe6 2 2690.71260690689087 2878.75878596305847
7e81b7f 2 2681.80859899520874 2881.67737293243408
9834db1 2 2656.42046999931335 2932.38007688522339
a87d120 2 2713.95557594299316 2897.27773785591125
ca3a8ad 2 2710.81641912460327 2913.47070980072021
ce205ee 2 2681.62287092208862 2905.72218608856201
205eda4 3 6872.22482204437256 7502.92218017578125
38c778d 3 6808.47027301788330 7530.27919912338257
4bb8531 3 7106.93480491638184 7866.80387997627258
4be5f11 3 6881.60884499549866 7485.42425513267517
564c384 3 6887.51236486434937 7843.73689603805542
5cfd1ca 3 6848.42875885963440 7513.19848299026489
6306dfe 3 6851.86209797859192 7495.03997993469238
6994fe6 3 6894.72093987464905 7528.53267788887024
7e81b7f 3 6843.52239084243774 7492.24059796333313
9834db1 3 6873.42042899131775 7490.82501506805420
a87d120 3 6911.61895608901978 7525.17694592475891
ca3a8ad 3 6888.79134011268616 7517.72250390052795
ce205ee 3 6885.72655892372131 7516.65150785446167
205eda4 4 10732.6975870132446 11424.7009170055389
38c778d 4 10706.4630789756775 11427.4541609287262
4bb8531 4 10822.6033151149750 11834.9917120933533
4be5f11 4 10736.9968721866608 11429.3172140121460
564c384 4 10756.7141900062561 11507.3073441982269
5cfd1ca 4 10877.9284718036652 11397.5933871269226
6306dfe 4 10705.9742190837860 11435.0866920948029
6994fe6 4 10750.5455138683319 11236.1706299781799
7e81b7f 4 10684.9611690044403 11438.0463469028473
9834db1 4 10673.3796558380127 11486.3493859767914
a87d120 4 10744.1338191032410 11261.1578500270844
ca3a8ad 4 10686.9267871379852 11435.7973470687866
ce205ee 4 10700.0723159313202 11430.8424119949341
